last-login: 1402635137804
last-logout: 1402636340262
partner: TheHawkRocker
home:
  world: SpeedLeap
  x: -901.6999999880791
  y: 4.0
  z: 896.3000000119209
  yaw: 283.79346
  pitch: 1.800071
