lobby:
  SpeedLeap: SpeedLeap
  x: -833.1760419522782
  y: 4.0
  z: 1106.4971655171835
'1':
  SpeedLeap: SpeedLeap
  x: -900.6999999880791
  y: 13.0
  z: 915.3000000119209
